-0.8916266432799276 -2.7617063104711193
2.8500328129172763 -2.349786247897677
-0.62645176875861 2.120044906501044
0.11412428555071008 2.369268771646208
-0.21270923623918447 -1.2171284511394125
-2.4999427857680754 0.8595555885090658
1.4300348796183293 -2.1414402056109965
-0.7331199703089042 -0.43501642363725423
1.1051200697793675 1.29081851068642
0.7500738114532259 2.494861659756613
-0.7226171004956594 -3.109563294564535
0.7259584837893769 -1.8474636468070733
0.9032309448842195 2.1256535901111855
-2.363057251371464 -1.844358192033377
1.8354288212059178 2.237172140623583