2.4559291838191433 5.16064743022895 0.12933373151240835
13.392451489657429 18.161449318780193 -0.6368941288420009
1.3358759020037758 17.621177680773318 -2.4060853698115583
5.24760492446797 18.804174274579076 -2.9104278335857794
6.689405972738049 19.728431160458598 -1.6392721741091931
9.782668204647347 6.40980803976208 0.39895776428425966
8.506676849316984 7.239376131003807 1.5027665046862655
19.46120110397009 10.587836654946262 0.9945838196414192
15.869792816936695 18.46578317017174 0.8725468523257582
10.949846984436997 19.4345618806776 -1.3304661293891937
7.51531942959359 16.57668849841105 0.008996703447321952
5.623042529579987 11.861899477574232 1.7792737434898651
0.6414305229697592 12.80274131819832 -1.2693727464291211
6.600398615084901 1.0442190616942648 -0.20174960835277522
6.609868018540905 6.206489422385635 -1.1519244120384162