5.344001058927276, -1.211233984945503, 0.7908384763989005, 0.5426820613304539, 2.734040580178973, 5.814582595638775, -1.1188470477360422, 5.088518661733995, -0.8053878643713674, 4.873419522215777, -1.3036209221549637, 5.599483456120557, -1.6170801055196384
-4.192414355982709, 8.998486560493074, 0.6868751307301999, 1.5651508975950814, 2.1240795313064247, -3.3461254120020056, 9.117518983221524, -3.7070669042106563, 9.701914982880849, -5.038703299963413, 8.879454137764624, -4.677761807754762, 8.295058138105299
-8.717638556996386, 5.9818773241048735, 1.6899526670965024, 0.8203502017537354, 5.430345187282329, -9.582427617867031, 6.34844041258278, -8.470697730379571, 5.075649512908484, -7.8528494961257405, 5.615314235626967, -8.9645793836132, 6.888105135301263
0.6178696341979446, 6.111197722514902, 1.9598777504197153, 1.4469314537945603, 2.11360934493722, 1.7435278819702114, 5.645820062581767, 0.7311594890490881, 7.323983056335516, -0.5077886135743221, 6.576575382448037, 0.5045797793468011, 4.898412388694288
-0.22889508425864058, -3.9081482254131394, 0.7025786707245062, 0.8717702389156811, 1.7464350085082596, 0.2616672576931804, -4.177867752260519, 0.1389007482210285, -3.4860981571574685, -0.7194574262104616, -3.63842869856576, -0.5966909167383097, -4.33019829366881
-1.0341382831259356, -5.198890247608244, 0.5336205521165236, 1.2481931933272106, 1.5229861223079426, -0.42350623015988365, -5.495222461968825, -0.3980034408155455, -4.96221167279397, -1.6447703360919874, -4.902558033247662, -1.6702731254363257, -5.435568822422518
-6.110936801563067, -3.050289586113289, 1.0751908342051517, 1.9022535681081267, 1.9574468360378983, -5.027303808946009, -3.1895394663520693, -5.432745707723328, -2.1937221152908357, -7.194569794180126, -2.9110397058745083, -6.789127895402807, -3.906857056935742
-4.975672985626618, 4.726186834803503, 1.133955156655415, 1.0031376347243182, 3.771012533660887, -4.812607282267164, 5.465405631415381, -5.729261644922777, 4.7978735522387765, -5.138738688986072, 3.986968038191625, -4.222084326330459, 4.654500117368229
6.044136896695214, 0.8935290350395491, 1.411949466175391, 1.7506073575722294, 3.1015304687612693, 6.784602366692578, 1.739855060632719, 5.373785823354941, 1.7964057111843554, 5.30367142669785, 0.04720300944637912, 6.714487970035487, -0.00934764110525732
-3.0719763443696646, 1.7702949921629507, 0.8445497235993786, 1.7203630568274009, 1.680184054149727, -2.1708363892270683, 1.4444497804785128, -2.2630356360867885, 2.2839517367063036, -3.973116299512261, 2.0961402038473884, -3.8809170526525407, 1.2566382476195979
2.5697353106305716, -3.0201800053021994, 0.8547201617268749, 0.6157292594337829, 5.1280134032864835, 2.115529477141027, -2.7535073037176714, 2.4606323762747944, -3.5354603354733416, 3.023941144120116, -3.2868527068867275, 2.678838244986349, -2.5048996751310573
6.839957194095454, -8.542767145541891, 0.9250877566493592, 0.8867659989924396, 2.823714246564875, 7.417908157837635, -8.266166337286771, 6.5391666840385465, -7.977028343021146, 6.262006230353274, -8.81936795379701, 7.140747704152362, -9.108505948062636
6.071404821958197, -6.904663169997118, 0.638593200796328, 0.8095291554388826, 3.355820667215053, 6.297352381374351, -6.441270914131629, 5.6733569074783015, -6.577031455750117, 5.845457262542043, -7.3680554258626065, 6.469452736438092, -7.232294884244119
3.230144808484855, -8.964794598605742, 1.1631575111856303, 0.8638666378380975, 4.262358571565938, 3.0942000547798676, -8.253233452329892, 2.5882347778699786, -9.300579877534584, 3.366089562189843, -9.676355744881592, 3.872054839099732, -8.6290093196769
-0.5713351456027738, 1.88975640714634, 1.0245012767799746, 1.0829683309505573, 5.980520683871986, -1.22169911469897, 1.5255689201388232, -0.2437658790858755, 1.2202011864027558, 0.07902882349342255, 2.2539438941538568, -0.8989044121196721, 2.559311627889924
-4.25919483673284, -2.0701318860060614, 1.7357131301539497, 1.914038094169044, 0.35043172068373596, -4.745759244387918, -3.2669257493062687, -3.1155347926898713, -2.671049665481263, -3.772630429077762, -0.873338022705854, -5.402854880775809, -1.4692141065308597
6.538780302420413, 0.7583319569852272, 1.522080335559368, 1.6157753210352181, 3.8441395176979767, 6.597577822730031, 1.8666674028662047, 5.435927672935049, 0.8831545776433631, 6.479982782110795, -0.3500034888957504, 7.641632931905777, 0.6335093363270912
-3.335862347575782, 9.226047170650524, 1.5940059697508473, 1.0166923237569094, 3.3856180008159082, -2.685293806127636, 9.911897118580042, -4.232074595124262, 9.526768279887959, -3.986430889023928, 8.540197222721007, -2.439650100027302, 8.92532606141309
-1.3299048307625263, -0.87473482221659, 0.8711742165406635, 1.0002957684478766, 1.3631768923149854, -0.9302859504181662, -1.4040634398609715, -0.7507098990542943, -0.551598216322909, -1.7295237111068864, -0.3454062045722087, -1.9090997624707584, -1.1978714281102711
1.0590513698278965, -5.922017159550044, 1.801665438125348, 1.701056213166907, 1.7668115253846925, 2.068740584247245, -6.639948450209202, 1.717843911859827, -4.872784089929479, 0.04936215540854816, -5.2040858688908855, 0.4002588277959659, -6.971250229170608
-6.245387384226766, 3.874083606416061, 0.5926120820701178, 1.8545498390931026, 1.9887807766467338, -5.277666213390272, 3.9796856039766113, -5.518218864991955, 4.52127908771038, -7.21310855506326, 3.768481608855511, -6.972555903461577, 3.226888125121742
7.17583730333487, -5.784623234042387, 0.6032232866440946, 1.452882642169655, 1.2821780641132965, 7.7863845184017295, -6.2805251139954645, 7.958078702486678, -5.702252305797545, 6.56529008826801, -5.28872135408931, 6.393595904183061, -5.866994162287229
-3.158915631730097, -5.169481062789423, 1.687616451760735, 0.9023134549882306, 1.3906966091911594, -2.866205396446298, -6.080456053108408, -2.5639065782802613, -4.4201353874570675, -3.451625867013896, -4.258506072470437, -3.753924685179933, -5.918826738121778
-2.4133190664142745, 7.881133914638802, 1.2450399338671108, 0.5460891447203604, 3.406435589575508, -1.883975628567934, 8.307607797233418, -3.085605533831152, 7.981709028133365, -2.942662504260615, 7.4546600320441865, -1.741032598997397, 7.780558801144239
-7.269310355169194, -3.6340575972358007, 1.9969011000505428, 1.869990566441988, 1.2829442573056755, -6.656238086653332, -4.85686668865935, -6.089331192075522, -2.942126346925461, -7.882382623685057, -2.4112485058122513, -8.449289518262868, -4.3259888475461405
3.6159399701996353, -5.346181042110533, 0.9152012172822129, 1.8189036542643875, 6.04779703812393, 2.9588553498271124, -6.123831827857384, 3.8488188523221463, -6.3372755730026, 4.273024590572158, -4.568530256363683, 3.3830610880771244, -4.355086511218467
-1.704749078719237, 8.342866436118307, 0.6174944210135919, 1.601983745143225, 0.6286917775844144, -1.483410018786531, 7.5134558981640245, -0.9839820445353042, 7.876596447425914, -1.926088138651943, 9.17227697407259, -2.4255161129031695, 8.8091364248107
-3.0551507127000193, 9.674293903911213, 1.2093660184523325, 1.3704385824147787, 0.6849684166406385, -3.0899378423128496, 8.761081511144411, -2.1533575977066306, 9.526185172095397, -3.020363583087189, 10.587506296678015, -3.956943827693408, 9.822402635727029
-1.7283757200212513, -9.121640817653642, 0.7306802649326072, 1.0782160589264325, 1.8973566534570505, -1.1005624435801258, -9.294734346551945, -1.3349552038707355, -8.6026695493795, -2.356188996462377, -8.94854728875534, -2.1217962361717673, -9.640612085927783
7.928326416216471, 8.92686171008583, 0.6380680441024902, 1.8632518200418504, 2.8714876133578375, 8.484381410329986, 9.739580841748134, 7.869447880007215, 9.909838241556631, 7.372271422102957, 8.114142578423527, 7.987204952425728, 7.94388517861503
9.671605595393746, 4.8598345894267485, 1.1190884325031627, 1.3162067317364974, 5.160631352268856, 8.836019606968456, 5.078891262584733, 9.321012627183318, 4.070357331521801, 10.507191583819036, 4.640777916268764, 10.022198563604174, 5.649311847331696
-4.566687356933108, 4.7017055684906435, 0.9663318412647122, 1.569951371794259, 2.0188489726356917, -3.6498818178457784, 4.606292058917983, -4.0685076147629955, 5.477239628865494, -5.483492896020437, 4.797119078063304, -5.06486709910322, 3.9261715081157935
1.9066208853324156, -3.7527301743123287, 1.6131319617748598, 0.7346312131020728, 3.813871391789665, 2.308928469756577, -2.9630352687597767, 1.0468066547849326, -3.967646263260778, 1.5043133009082543, -4.542425079864881, 2.7664351158798985, -3.5378140853638795
4.600647871542172, 0.17462059404660124, 1.8586314027548738, 1.239934058758433, 3.062580317628186, 5.575998336974606, 0.7193023909929134, 3.7231655872992624, 0.8660044463195432, 3.6252974061097385, -0.3700612028997109, 5.478130155785082, -0.5167632582263407
-3.6996169211458323, 2.300244626491315, 0.5378659401022566, 0.5287855702193627, 5.740872311561526, -4.0664206392527475, 2.2125889388177953, -3.6057292136061525, 1.9349863814488262, -3.3328132030389166, 2.3879003141648347, -3.793504628685512, 2.665502871533804
4.281335743469128, -5.488818926016725, 1.5249333259077984, 1.1823344305747494, 6.204103556809706, 3.474550217878861, -6.017904178357707, 4.99471762038909, -6.138372916250667, 5.088121269059395, -4.959733673675743, 3.5679538665491664, -4.839264935782783
3.3108824424386256, -4.154151317881814, 1.4424946103478629, 1.0442792731561537, 4.342617460574107, 3.0846947636497437, -3.292950639020817, 2.56337374342513, -4.637946956768416, 3.5370701212275075, -5.015351996742811, 4.058391141452121, -3.670355678995212
5.934557929338549, -6.466677013693076, 1.3951814530492657, 1.1930945638485393, 3.627184424317504, 6.273078816362076, -5.613503473108745, 5.039181865946996, -6.264679027540133, 5.5960370423150225, -7.319850554277407, 6.829933992730102, -6.668674999846019
8.41422341749723, -4.388539501688435, 1.7336017815662195, 0.8953521344761406, 0.8078189528057579, 8.138769729959119, -5.324425665418723, 9.336821175054666, -4.071410153960848, 8.68967710503534, -3.4526533379581474, 7.491625659939792, -4.705668849416023
3.2682747739681535, 8.000890982606329, 0.8758534524451205, 1.808180029015642, 2.6462034479075673, 4.083336575646043, 8.588115668155528, 3.312774933644497, 9.004473718439076, 2.453212972290264, 7.413666297057131, 3.22377461429181, 6.997308246773581
-1.8926256977609786, -9.353324132309597, 0.663274862547375, 1.012883846143977, 5.182957844157397, -2.4943849283983455, -9.28734962504059, -2.1936604879940207, -9.878533483269775, -1.2908664671236116, -9.419298639578603, -1.5915909075279364, -8.828114781349418
-3.916144588101382, 4.406423632096722, 0.8986338181750715, 1.1287622243689144, 0.5412147561515902, -4.010490235503671, 3.6912239233448343, -3.2402860184574807, 4.1541798642422085, -3.8217989406990935, 5.121623340848609, -4.592003157745284, 4.658667399951235
5.481504024018644, 5.532127746906086, 1.7121764809988875, 0.8385218277870807, 4.188266234986716, 5.546955841263772, 6.483118203777022, 4.690090782013628, 5.00077864337867, 5.416052206773516, 4.581137290035151, 6.2729172660236605, 6.063476850433503
-6.815822891571688, 3.618893440176908, 1.2490860266103803, 0.9623931637527278, 0.8816488552572532, -6.841575013894118, 2.8308953728736226, -6.047306888528892, 3.7949254797178633, -6.790070769249259, 4.406891507480194, -7.5843388946144845, 3.442861400635953
7.668045797529615, 6.82841958224612, 1.6593448228339578, 1.5028085449139192, 3.0282374513860897, 8.577386808269033, 7.481155070112724, 6.928691369152843, 7.668847877922018, 6.758704786790198, 6.175684094379516, 8.407400225906386, 5.987991286570222
6.265240013994202, -2.176056298333153, 1.2126599463215986, 1.3852807760534653, 0.7623721124758233, 6.305106708694206, -3.0957287346563773, 7.182102107598663, -2.2582186059336764, 6.225373319294198, -1.2563838620099284, 5.348377920389741, -2.0938939907326293
-6.4549496943666025, -2.012594079817484, 1.883246387768982, 1.935474212016748, 5.746832798677224, -7.75886616067567, -2.3632665687509147, -6.140068473046218, -3.3256131817602075, -5.151033228057535, -1.6619215908840537, -6.769830915686987, -0.6995749778747609
-2.449293994153326, -6.932058004687391, 1.50720656485393, 0.7926121004875061, 3.8127175199287167, -2.1055799680818033, -6.15306053291601, -3.285907558053889, -7.090342992737739, -2.7930080202248484, -7.711055476458773, -1.6126804302527629, -6.773773016637044
4.10953404674866, 5.3616473641774505, 1.9744803800759323, 1.6723043534381943, 2.569863641300249, 5.39220114640091, 5.530640757326322, 3.731728923098131, 6.59900622239187, 2.82686694709641, 5.192653971028579, 4.4873391703991885, 4.1242885059630305
0.5789511070093489, -6.63879546501877, 1.819281802559726, 0.5356947024314724, 6.196442356453409, -0.3504744600421049, -6.826829738877582, 1.4619671861383186, -6.984441782566388, 1.508376674060803, -6.450761191159958, -0.3040649721196206, -6.293149147471152
