-4.361433239904913, 3.903080954560467, 1.739294803915075, 1.4223004609862442, 3.4014617464823047, [-3.70371837  4.81381275], [-5.38461396  4.36689392], [-5.01914811  2.99234916], [-3.33825252  3.43926799]
2.5356671635243977, 0.1402669364364293, 1.356770721971833, 1.9079422033467364, 0.6500335279389421, [ 2.57298514 -1.02972235], [ 3.6530608  -0.20858694], [2.49834919 1.31025622], [1.41827353 0.48912081]
-3.126742913556779, 2.7830115356462652, 0.9612618917695925, 1.4790521412993383, 5.899453226377115, [-3.84928596  2.27720874], [-2.95793293  1.91732793], [-2.40419987  3.28881433], [-3.2955529   3.64869514]
-4.200522367174456, 3.5980140973804673, 1.8726376208935003, 1.4569353456277363, 4.255693837594405, [-4.44143092  4.75961693], [-5.26723483  3.07889697], [-3.95961381  2.43641127], [-3.13380991  4.11713122]
0.8625851859334315, -6.496851691101098, 1.0594076829786065, 0.9979337140237429, 2.243330391837305, [ 1.58288951 -6.60036865], [ 0.92291005 -5.77165172], [ 0.14228086 -6.39333473], [ 0.80226032 -7.22205166]
-2.304324724935083, -4.727282626486029, 1.2588707642471109, 1.817827909384667, 6.107097582059533, [-3.08324965 -5.51187771], [-1.84384534 -5.73240561], [-1.5253998  -3.94268755], [-2.76480411 -3.72215964]
4.274923806542715, 4.208639363154189, 1.628128816967173, 0.6705222112013823, 3.3665232466453157, [4.9937054  4.71702297], [3.40658981 4.35388723], [3.55614222 3.70025575], [5.1432578  4.06339149]
4.091175453305597, 4.923689750411306, 0.8027218980250116, 1.88048595340143, 6.145587235427973, [3.56464029 4.04738605], [4.35977511 3.93728127], [4.61771062 5.79999346], [3.8225758  5.91009823]
8.373535088116085, 7.94756087610374, 1.3990911030358038, 1.2588653854493335, 4.910426380112455, [7.61877249 8.5095955 ], [7.89403733 7.13785019], [9.12829768 7.38552625], [8.85303285 8.75727156]
-3.9225026765450988, -4.671444625190826, 0.5879222977954404, 0.5942814184893661, 3.8798475401303647, [-3.90505119 -4.25383092], [-4.33990447 -4.64950156], [-3.93995416 -5.08905833], [-3.50510088 -4.69338769]
