7.897750 4.218446 2.765777
-3.894886 -9.768947 3.981090
-8.993012 3.405971 3.665554
-9.326139 -7.661570 1.056955
-0.026753 -6.780519 4.051275
-0.713281 2.260392 4.423791
-1.969850 2.403310 2.285466
-8.115411 2.325100 4.577156
7.253371 -7.959555 1.325766
7.960442 -7.362369 2.528053
9.467169 9.819461 4.834216
5.335310 -3.874218 0.440710
2.834082 -1.957011 0.511879
-9.281440 8.907705 1.258202
-3.531306 -7.315584 5.676408
-5.664588 -0.448709 5.441391
-4.185286 -8.441152 0.358315
4.113241 2.528546 5.331640
1.883067 6.704626 3.934661
-9.395733 6.902423 4.942665
-0.149460 7.605027 0.985414
-6.485889 -8.887907 4.919754
-9.681208 0.826913 2.078296
-3.304557 1.787791 2.067073
-8.170348 -6.271836 4.061592
-9.289305 0.632022 3.376326
-8.764254 3.311317 0.652040
9.901159 -4.829653 3.862324
-0.388852 -3.521692 0.931907
3.450384 9.553302 1.186586